10,121
10,239
10,33
10,293
10,91
10,21
10,199
10,2
10,3
9,7
9,5
9,2
9,3
8,9
8,5
8,17
8,11
51,4
51,3
51,2
51,1
51,0
50,4
50,3
50,2
50,1
50,0
46,4
46,3
46,2
46,1
46,0
45,4
45,3
45,2
45,1
45,0
43,5
43,4
43,3
43,2
43,1
43,0
40,5
40,4
40,3
40,2
40,1
40,0
38,5
38,4
38,3
38,2
38,1
38,0
29,4
29,3
29,1
26,3
26,1
20,3
20,2
20,1
19,3
19,2
19,1
14,5
12,3
12,2
12,1
11,30
11,29
11,28
11,27
11,26
11,25
11,24
11,23
11,22
11,21
11,20
11,19
11,18
11,17
11,16
11,15
11,14
11,13
11,12
11,11
11,10
11,9
11,8
11,7
11,6
11,5
11,4
11,3
11,2
11,1
10,316
10,315
10,314
10,291
10,279
18,1
10,270
10,268
